21,3
17,2
17,1
17,3
15,2
15,1
15,3
16,2
16,1
16,3
13,2
14,2
4,40
4,39
4,4
4,10
4,67
4,80
4,73
4,86
4,34
4,69
4,1
4,38
4,2
4,3
6,6
6,1
6,7
6,2
6,3
7,12
7,10
7,4
7,5
7,11
7,1
7,6
7,2
7,3
5,4
5,2
5,1
5,3
54,70
54,69
54,68
54,67
54,66
54,65
54,64
54,63
54,62
54,61
54,60
54,59
54,58
54,57
54,56
54,55
54,54
54,53
54,52
54,51
54,50
54,49
54,48
54,47
54,46
54,45
54,44
54,43
54,42
54,41
54,40
54,39
54,38
54,37
54,36
54,35
46,1
46,3
44,1
44,3
41,1
41,3
39,1
39,3
0,273
0,270
3,2
3,1
3,3
10,259
10,33
10,129
10,183
10,279
10,103
10,313
11,11
8,9
8,18
8,2
8,3
50,4
50,3
50,2
50,1
50,0
49,3
49,2
49,1
49,0
48,3
48,2
48,1
48,0
47,5
47,4
47,3
47,1
37,3
37,1
35,3
35,1
30,3
30,1
